0.0031556039173014144 0.43623503808487485 4.352557127312296E-4 0.11632208922742111 0.033079434167573446 0.1250272034820457 0.16202393906420023 0.055930359085963 0.0015233949945593036 0.0662676822633297 
0.08874061718098415 7.506255212677231E-4 0.0011676396997497914 0.325604670558799 0.08957464553794829 0.2780650542118432 7.506255212677231E-4 0.2121768140116764 7.506255212677231E-4 0.0024186822351959965 
0.11801488833746898 0.1572208436724566 0.0018858560794044665 0.16069478908188586 0.004367245657568238 0.0018858560794044665 0.4177667493796526 0.13687344913151364 8.933002481389578E-4 3.970223325062035E-4 
0.4925670498084291 0.0013793103448275863 0.07877394636015325 6.130268199233717E-4 0.002911877394636015 6.130268199233717E-4 0.002145593869731801 6.130268199233717E-4 0.4197701149425287 6.130268199233717E-4 
0.22168241115609538 0.044894286999550156 0.1641025641025641 0.0035087719298245615 0.016554206027890237 0.3611336032388664 0.08852901484480433 0.0943769680611786 0.003058929374718848 0.0021592442645074223 
0.006506364922206507 3.771805752003772E-4 0.0013201320132013201 0.18000942951438 8.486562942008487E-4 0.4232909005186233 0.011692597831211692 3.771805752003772E-4 3.771805752003772E-4 0.3752003771805752 
0.11237801746276323 0.4200308166409861 9.244992295839754E-4 0.06923472008217771 0.15500770416024653 0.002465331278890601 0.14935798664612224 0.005033384694401644 4.1088854648176684E-4 0.08515665125834618 
0.2863790596219098 0.13853611245758604 0.311100339311682 0.11866214251090645 0.03965099369849733 0.0018419777023751817 0.005719825496849249 0.0028114396509936984 0.03868153174987882 0.056616577799321374 
0.005619596541786743 0.059654178674351584 0.25201729106628246 0.2628242074927954 5.763688760806917E-4 5.763688760806917E-4 0.35072046109510085 0.0020172910662824206 0.0012968299711815562 0.06469740634005763 
0.07501009285425919 0.24174404521598705 0.0011303996770286636 0.01727896649172386 0.29987888574888977 0.20823576907549454 7.266855066612838E-4 0.0011303996770286636 0.15211949939442876 0.002745256358498183 
0.20769686204854945 4.736530491415039E-4 0.1615156897572528 0.11059798697454115 0.04132622853759621 0.06027235050325636 0.327886323268206 0.004618117229129662 0.08336293664890468 0.002249851983422143 
0.18061812467260346 0.010895756940806705 0.001466736511262441 0.15495023572551075 0.009324253535882662 0.2790990047145102 0.0019905709795704557 0.11671031953902568 0.003038239916186485 0.2419067574646412 
0.12560521415270018 0.0036312849162011174 0.22243947858472998 0.021787709497206702 0.1661080074487896 0.03761638733705773 0.004562383612662943 0.2941340782122905 0.018994413407821226 0.10512104283054004 
0.08404597701149426 0.3194482758620689 0.03439080459770115 0.16128735632183908 0.14933333333333335 3.67816091954023E-4 0.014160919540229886 0.08726436781609195 0.14933333333333335 3.67816091954023E-4 
0.001794145420207743 3.777148253068933E-4 0.2633616619452313 0.22275731822474032 0.18073654390934846 0.06647780925401323 0.001794145420207743 0.00651558073654391 0.14013220018885741 0.11605288007554297 
0.007411696583671106 0.13595830920671687 4.632310364794441E-4 0.11627099015634049 0.0010422698320787494 0.016097278517660685 0.0010422698320787494 0.0022003474232773594 0.0022003474232773594 0.7173132599884192 
0.17812166488794023 9.6051227321238E-4 9.6051227321238E-4 0.08100320170757738 0.00896478121664888 4.2689434364994664E-4 0.3579509071504802 0.2816435432230523 0.08473852721451441 0.005229455709711847 
9.503695881731785E-4 0.229039070749736 0.19630411826821542 0.0658922914466737 0.10654699049630413 0.06061246040126716 0.003590285110876452 9.503695881731785E-4 0.31457233368532206 0.02154171066525871 
7.985803016858918E-4 0.08376220053238688 0.0012422360248447203 0.0012422360248447203 3.54924578527063E-4 0.1645075421472937 0.2297249334516415 0.2913930789707187 3.54924578527063E-4 0.22661934338952974 
0.18630742049469964 0.256095406360424 0.0012367491166077739 0.16113074204946998 0.25918727915194345 0.13330388692579506 3.53356890459364E-4 3.53356890459364E-4 3.53356890459364E-4 0.0016784452296819787 
4.350190320826536E-4 0.049374660141381185 0.12822185970636216 0.10212071778140294 9.787928221859706E-4 0.23915171288743883 4.350190320826536E-4 0.0015225666122892876 0.4773246329526917 4.350190320826536E-4 
0.00270901447921532 0.1503035964502569 0.3310602522185894 0.19327417094815508 3.736571695469407E-4 0.006445586174684727 0.1367585240541803 0.17692666978047641 0.0013078000934142924 8.407286314806166E-4 
3.846153846153846E-4 3.846153846153846E-4 0.2710576923076923 0.006153846153846154 0.009038461538461539 0.10326923076923078 0.27538461538461534 0.11096153846153847 0.0023076923076923075 0.22105769230769232 
9.698275862068965E-4 4.3103448275862074E-4 0.002586206896551724 0.008512931034482758 0.0031249999999999997 9.698275862068965E-4 0.3598060344827586 0.13459051724137933 0.4875 0.0015086206896551724 
0.06872812135355892 0.11948658109684948 0.067561260210035 0.29218203033838974 0.0045507584597432905 0.2455075845974329 0.10548424737456244 0.09031505250875146 0.0045507584597432905 0.0016336056009334887 
0.07965200579990334 3.8666022232962784E-4 0.1555340744320928 0.05113581440309328 0.31116481391976797 0.29134847752537457 3.8666022232962784E-4 0.004736587723537942 3.8666022232962784E-4 0.10526824552924119 
0.25656565656565655 0.00404040404040404 0.06880570409982174 4.753416518122401E-4 0.013547237076648842 4.753416518122401E-4 0.00344622697563874 0.24468211527035058 0.20368389780154486 0.20427807486631017 
4.5325779036827196E-4 4.5325779036827196E-4 0.001019830028328612 0.15172804532577905 0.0038526912181303117 0.31943342776203965 0.18062322946175638 0.001019830028328612 4.5325779036827196E-4 0.34096317280453253 
0.007950310559006211 0.14459627329192548 0.0017391304347826085 0.0036024844720496892 0.22658385093167702 0.148944099378882 0.002360248447204969 0.002360248447204969 0.3172670807453416 0.14459627329192548 
0.10955730244104261 7.447248655357882E-4 0.4124120810922631 0.12114191146048821 3.30988829127017E-4 0.002813405047579644 0.1285891601158461 0.00819197352089367 0.21588746379809678 3.30988829127017E-4 
0.006327077747989277 0.10873994638069706 0.00257372654155496 0.3516353887399464 0.005254691689008043 0.12804289544235925 0.002037533512064343 0.11839142091152816 0.005254691689008043 0.27174262734584453 
0.0011749895090222408 0.0015946286193873269 0.2479227864036928 0.18497691984892992 0.005791019723038187 0.23491397398237515 0.002433906840117499 3.3571128829206886E-4 0.18917331095258078 0.131682752832564 
0.10563591022443891 0.06423940149625935 0.0018952618453865336 0.1230922693266833 0.19341645885286785 0.26972568578553613 0.14503740648379054 0.09516209476309227 0.001396508728179551 3.9900249376558606E-4 
0.0022492970946579195 8.434864104967198E-4 0.0022492970946579195 0.007872539831302719 0.0022492970946579195 0.0013120899718837861 0.2876288659793814 0.3241799437675726 0.13955014058106843 0.23186504217432052 
0.21863354037267083 0.061135758651286606 3.54924578527063E-4 0.05314995563442768 0.16406388642413489 7.985803016858918E-4 0.05847382431233363 0.003904170363797693 0.422715173025732 0.016770186335403725 
0.0031249999999999997 0.24991987179487177 0.006330128205128205 0.12131410256410256 0.0011217948717948717 0.005128205128205128 0.24751602564102562 0.25873397435897433 0.10408653846153847 0.0027243589743589742 
0.0806497849976111 8.600095556617296E-4 0.18002866698518874 0.0968944099378882 3.8222646918299096E-4 0.3095078834209269 3.8222646918299096E-4 0.24644051600573338 0.08112756808408983 0.0037267080745341614 
0.19776186213070726 0.03885407341092211 0.0531781557743957 3.5810205908683976E-4 0.1467323187108326 0.001253357206803939 8.057296329453895E-4 0.43679498657117277 0.12032229185317816 0.003939122649955238 
0.005480984340044743 0.12740492170022372 0.1458612975391499 0.5821029082774049 0.0026845637583892616 0.0010067114093959733 4.4742729306487697E-4 0.04854586129753915 0.0860178970917226 4.4742729306487697E-4 
0.0028155339805825243 0.07320388349514563 0.23242718446601943 0.0033009708737864077 3.883495145631068E-4 0.2644660194174757 0.09456310679611651 0.003786407766990291 0.12660194174757283 0.19844660194174757 
0.10163316582914574 0.3717336683417085 5.025125628140704E-4 0.4194723618090452 0.004899497487437186 0.005527638190954774 0.09472361809045227 5.025125628140704E-4 5.025125628140704E-4 5.025125628140704E-4 
4.984423676012461E-4 0.08274143302180686 0.0011214953271028037 0.0746417445482866 0.05470404984423676 0.0054828660436137076 0.14068535825545173 0.17869158878504673 0.22666666666666668 0.23476635514018693 
0.0013833992094861658 0.0023715415019762843 3.952569169960474E-4 0.19851778656126481 0.3610671936758893 3.952569169960474E-4 0.13675889328063243 0.0038537549407114623 0.15306324110671937 0.14219367588932808 
0.10065005417118093 4.333694474539545E-4 0.3958829902491874 0.01722643553629469 0.15969664138678225 0.003683640303358613 0.00314192849404117 0.1580715059588299 0.0015167930660888406 0.15969664138678225 
0.03319200484554815 0.0023016353725015142 0.0023016353725015142 0.004118715929739552 0.2476075105996366 0.0010902483343428226 0.0016959418534221683 0.0035130224106602057 0.3118110236220472 0.3923682616596002 
0.31295527893038266 3.688335638543108E-4 3.688335638543108E-4 0.3230982019363762 0.004518211157215307 0.10502535730751499 0.04232365145228215 0.08105117565698479 0.12992162286768097 3.688335638543108E-4 
0.13305263157894737 0.010947368421052633 9.473684210526316E-4 4.210526315789474E-4 0.4604210526315789 9.473684210526316E-4 0.011473684210526316 0.020421052631578947 0.3509473684210526 0.010421052631578947 
4.78755236385398E-4 0.00227408737283064 0.0016756433273488927 0.06331538001196887 0.2925194494314782 0.3409934171154997 0.15487731897067625 0.0034709754637941353 0.061520047875523634 0.07887492519449432 
0.2833922261484099 0.09434628975265018 0.0024734982332155478 7.06713780918728E-4 0.0607773851590106 0.23303886925795053 7.06713780918728E-4 0.18003533568904595 0.0015901060070671379 0.14293286219081272 
0.20128794848206072 0.002575896964121435 0.019135234590616376 0.00717571297148114 0.11941122355105797 0.15988960441582337 0.001655933762649494 0.1332106715731371 0.11021159153633854 0.2454461821527139 
0.2723221936589546 0.08123393316195372 6.855184233076265E-4 0.20462724935732649 0.0015424164524421595 0.16435304198800343 0.016966580976863755 0.24832904884318768 0.0015424164524421595 0.008397600685518423 
0.00416210295728368 0.2538882803943045 0.0019715224534501644 0.22979189485213583 0.183789704271632 0.12354874041621029 0.13559693318729463 0.057831325301204814 0.007447973713033954 0.0019715224534501644 
0.0578268876611418 0.4703499079189687 7.366482504604052E-4 0.009023941068139963 0.008103130755064457 0.17937384898710867 7.366482504604052E-4 7.366482504604052E-4 0.005340699815837937 0.2677716390423573 
0.09818181818181818 0.001487603305785124 0.005619834710743801 0.09074380165289256 6.611570247933885E-4 0.07669421487603306 0.08 0.37586776859504134 0.11553719008264464 0.15520661157024795 
0.009157127991675338 0.059105098855359 0.01748178980228928 0.046618106139438086 0.012278876170655567 0.1652445369406868 0.0882414151925078 0.11529656607700312 0.4628511966701353 0.023725286160249742 
0.002928870292887029 0.0803347280334728 0.1002092050209205 0.031171548117154814 0.0018828451882845188 0.150418410041841 0.24979079497907952 0.002928870292887029 0.3700836820083682 0.010251046025104604 
0.05117117117117117 0.11153153153153153 0.003423423423423423 7.207207207207207E-4 0.12954954954954956 7.207207207207207E-4 0.089009009009009 0.004324324324324324 0.36018018018018017 0.24936936936936938 
0.10051921079958463 0.004984423676012461 0.17840083073727936 0.004984423676012461 0.27601246105919003 0.22512980269989616 0.003946002076843198 0.13271028037383178 0.05690550363447559 0.016407061266874353 
0.0016981132075471698 0.002641509433962264 0.002641509433962264 0.26207547169811324 0.22339622641509435 0.08754716981132075 0.0016981132075471698 0.006415094339622641 0.37056603773584906 0.04132075471698113 
0.18790931989924434 0.1786733837111671 0.003190596137699412 0.16523929471032747 0.009907640638119228 0.10058774139378673 0.07959697732997481 0.17615449202350966 0.09554995801847187 0.003190596137699412 
5.409060175794456E-4 0.014063556457065585 0.10872210953346857 5.409060175794456E-4 0.051926977687626774 0.21217038539553754 0.10939824205544288 0.4968221771467207 0.0032454361054766734 0.0025693035835023664 
0.14609929078014186 0.11241134751773049 7.092198581560284E-4 0.19131205673758866 0.01046099290780142 0.11861702127659575 0.04326241134751773 0.08581560283687943 0.1921985815602837 0.09911347517730497 
0.0036468330134357004 0.0017274472168905951 0.06122840690978886 0.13704414587332056 0.2675623800383877 0.07850287907869481 7.677543186180423E-4 0.12840690978886757 0.1581573896353167 0.16295585412667948 
0.003463992707383774 7.292616226071103E-4 0.008933454876937101 0.34439380127620783 0.005287146763901549 0.19580674567000914 0.21494986326344578 0.2204193254329991 0.005287146763901549 7.292616226071103E-4 
0.09740394600207684 0.22201453790238837 0.22512980269989616 0.016407061266874353 0.007061266874350987 0.03302180685358255 0.3071651090342679 0.009138110072689512 0.0029075804776739354 0.07975077881619938 
7.866273352999017E-4 0.47472959685349064 7.866273352999017E-4 0.007669616519174041 0.21219272369714848 0.2849557522123894 0.009636184857423796 0.00471976401179941 7.866273352999017E-4 0.0037364798426745326 
0.39693301049233254 0.055528652138821626 0.14592413236481033 0.2734463276836158 0.0014527845036319614 0.08297013720742534 6.45682001614205E-4 0.0014527845036319614 0.039386602098466506 0.002259887005649717 
0.004606525911708253 0.004606525911708253 0.11401151631477927 0.10921305182341651 0.0017274472168905951 0.32034548944337815 0.0017274472168905951 0.2502879078694818 7.677543186180423E-4 0.1927063339731286 
0.007260726072607262 0.0014851485148514852 6.600660066006601E-4 0.0014851485148514852 0.004785478547854785 0.11947194719471949 0.7853135313531353 6.600660066006601E-4 0.07574257425742574 0.0031353135313531354 
0.009035222052067382 0.041960183767228175 0.24793261868300154 6.125574272588055E-4 0.0886676875957121 0.15911179173047474 6.125574272588055E-4 0.2977029096477795 0.15145482388973966 0.002909647779479326 
0.15019157088122606 0.003639846743295019 7.662835249042146E-4 0.08601532567049808 0.09655172413793103 0.13007662835249043 0.32547892720306515 0.003639846743295019 0.11091954022988505 0.09272030651340996 
0.0873581847649919 0.18379254457050245 0.0022690437601296594 0.00794165316045381 0.12544570502431118 0.07520259319286872 0.0014586709886547813 0.08978930307941653 0.25429497568881687 0.17244732576985414 
0.002366863905325444 6.76246830092984E-4 0.16043956043956045 0.04547759932375317 0.22214708368554523 0.001521555367709214 6.76246830092984E-4 0.29484361792054103 0.2635672020287405 0.008284023668639054 
0.0013878180416345414 0.012181958365458751 0.23885890516576716 0.11318427139552815 6.168080185042406E-4 0.005242868157286045 0.0707787201233616 0.0013878180416345414 0.2966846569005397 0.2596761757902853 
0.14281124497991968 6.42570281124498E-4 0.00465863453815261 0.32755020080321284 0.0014457831325301205 0.33076305220883534 0.1074698795180723 0.08337349397590361 6.42570281124498E-4 6.42570281124498E-4 
0.0037623762376237622 0.10673267326732673 7.920792079207921E-4 0.19683168316831684 0.011683168316831683 0.07702970297029703 0.19584158415841585 7.920792079207921E-4 0.2968316831683168 0.1097029702970297 
0.15508317929759705 0.09131238447319778 0.005360443622920518 0.015526802218114604 0.11811460258780036 0.37597042513863216 0.1467652495378928 7.393715341959335E-4 0.0025878003696857667 0.08853974121996303 
0.0015611448395490026 0.0015611448395490026 0.36756287944492627 0.22619254119687773 0.23399826539462273 0.005030355594102341 6.938421509106678E-4 0.07094535993061578 0.09089332176929749 0.0015611448395490026 
0.17022292993630575 0.0022292993630573248 0.30477707006369426 0.007802547770700638 0.10254777070063695 6.369426751592357E-4 0.09378980891719745 0.3103503184713376 6.369426751592357E-4 0.0070063694267515925 
0.13095487932843652 0.001888772298006296 0.009233997901364114 0.16243441762854147 0.24323189926547745 8.394543546694649E-4 0.382791185729276 0.001888772298006296 0.055403987408184675 0.011332633788037776 
0.13125 0.009926470588235295 0.15330882352941178 0.10091911764705883 0.0963235294117647 0.020036764705882355 0.004411764705882353 0.20018382352941178 0.02463235294117647 0.2590073529411765 
6.379585326953748E-4 0.0022328548644338117 0.1441786283891547 0.14657097288676238 0.007814992025518342 0.07320574162679426 0.3156299840510367 0.23668261562998405 0.0030303030303030303 0.07001594896331738 
0.45719882468168466 0.001762977473065622 0.002742409402546523 7.835455435847209E-4 0.17414299706170422 0.0722820763956905 7.835455435847209E-4 0.001762977473065622 0.2524975514201763 0.036043095004897156 
0.11080817916260954 0.003700097370983447 0.011489776046738072 0.011489776046738072 0.003700097370983447 0.003700097370983447 0.4954235637779942 0.085491723466407 0.07380720545277507 0.20038948393378775 
0.22 0.11758064516129033 0.17 0.2038709677419355 6.451612903225806E-4 6.451612903225806E-4 6.451612903225806E-4 6.451612903225806E-4 0.13935483870967744 0.14661290322580647 
0.09031578947368421 0.01136842105263158 0.0018947368421052633 0.020842105263157894 0.007157894736842105 0.104 0.28610526315789475 0.06084210526315789 0.11978947368421053 0.29768421052631583 
0.0017408123791102514 0.014313346228239847 0.0027079303675048355 0.027852998065764023 0.2851063829787234 0.17969052224371374 0.05686653771760154 0.21063829787234042 7.736943907156674E-4 0.2203094777562863 
0.3127659574468085 0.1593971631205674 7.092198581560284E-4 0.001595744680851064 0.002482269503546099 0.23120567375886525 7.092198581560284E-4 0.00425531914893617 0.18510638297872342 0.10177304964539007 
7.279344858962694E-4 0.21728844404003642 0.25095541401273885 0.11446769790718835 7.279344858962694E-4 0.001637852593266606 0.001637852593266606 7.279344858962694E-4 0.3201091901728845 0.09171974522292993 
0.1289220917822839 0.41600853788687303 0.008324439701173959 0.20683030949839915 0.00192102454642476 0.09690501600853789 0.12998932764140875 0.004055496264674493 0.006189967982924226 8.537886872998933E-4 
0.09366583541147133 0.0033915211970074813 0.19341645885286785 0.09566084788029926 3.9900249376558606E-4 0.16498753117206982 0.13855361596009977 3.9900249376558606E-4 0.0033915211970074813 0.30613466334164585 
0.0029927760577915376 0.18875128998968008 4.1279669762641903E-4 0.013828689370485037 4.1279669762641903E-4 0.0066047471620227045 0.26202270381836945 0.3198142414860681 0.20474716202270382 4.1279669762641903E-4 
3.507233669443227E-4 0.037615081104778604 0.0016659359929855327 0.23489697501096007 0.09986847873739588 0.0029811486190267425 0.23270495396755808 7.89127575624726E-4 0.18053485313459008 0.2085927224901359 
0.10745814307458143 0.006494165398274987 0.0628107559614409 4.058853373921867E-4 0.0019279553526128867 0.10898021308980213 0.17493658041603247 0.08209030948756976 0.2895991882293252 0.16529680365296803 
0.0036568213783403658 0.12133145804031881 0.19353023909985936 0.08007501172058135 8.438818565400844E-4 0.044913267698077824 0.21462728551336147 0.22212845757149555 8.438818565400844E-4 0.11804969526488514 
0.2900332225913621 0.004318936877076412 0.11838316722037653 0.13776301218161685 0.002104097452934662 0.20143964562569214 0.1477297895902547 4.4296788482834997E-4 0.002104097452934662 0.0956810631229236 
0.04857768052516411 9.846827133479213E-4 0.2761487964989059 4.37636761487965E-4 0.005908096280087528 0.08413566739606128 0.20722100656455142 0.1727571115973742 0.19299781181619258 0.010831509846827134 
0.003978300180831827 0.0017179023508137432 0.09032549728752261 0.3403254972875226 3.616636528028933E-4 3.616636528028933E-4 0.08942133815551538 0.18707052441229657 0.1251356238698011 0.16130198915009042 
9.713977334052888E-4 0.07652455477603887 0.20712358337830547 0.14452239611440906 4.317323259579061E-4 0.26432811656772803 0.0025903939557474364 9.713977334052888E-4 0.1806799784133837 0.121856449001619 
0.3339313984168865 0.05055408970976253 0.18406332453825858 0.13868073878627968 0.0020052770448548813 0.14659630606860158 0.14026385224274407 0.0014775725593667544 4.2216358839050134E-4 0.0020052770448548813 
0.35017793594306046 9.150991357397051E-4 0.01311642094560244 9.150991357397051E-4 0.2790035587188612 0.2830706659888154 0.00447381799694967 0.006507371631926793 0.018200305033045244 0.043619725470259274 
0.0945887445887446 0.14816017316017316 4.329004329004329E-4 0.35378787878787876 0.0031385281385281384 0.0020562770562770564 0.07348484848484849 0.0025974025974025974 0.07132034632034633 0.25043290043290045 
0.1463019250253293 9.118541033434651E-4 4.052684903748734E-4 0.2775075987841945 0.0014184397163120566 0.09766970618034448 0.15542046605876395 4.052684903748734E-4 0.21621073961499493 0.10374873353596759 
0.001000555864369094 0.0071150639244024465 0.13329627570872707 0.21556420233463036 0.22001111728738187 0.3473040578098944 0.0037798777098387993 0.0026681489716509172 0.001556420233463035 0.06770428015564202 
0.13671641791044778 0.2118407960199005 3.9800995024875626E-4 8.955223880597015E-4 0.0023880597014925373 0.4869651741293532 8.955223880597015E-4 8.955223880597015E-4 0.001890547263681592 0.15711442786069652 
0.08879537085744346 0.12509205681220412 9.468700683850605E-4 0.36549184639663335 9.468700683850605E-4 0.13350867964229354 0.15349815886375592 4.2083114150447137E-4 0.0019989479221462388 0.12930036822724883 
4.441976679622432E-4 0.1903387007218212 4.441976679622432E-4 0.36357579122709605 0.2869516935036091 0.0032204330927262633 4.441976679622432E-4 0.14869516935036092 0.001554691837867851 0.004330927262631871 
4.280363830925629E-4 0.0640984483681113 0.0014981273408239699 0.0020331728196896735 0.11760299625468165 0.11171749598715891 0.10208667736757625 0.2438737292669877 0.20267522739432853 0.1539860888175495 
0.08291015625 0.1625 0.105859375 0.16787109375 3.90625E-4 0.00380859375 0.00185546875 0.00283203125 0.40419921875 0.0677734375 
0.1618421052631579 0.19119433198380567 0.19423076923076923 0.03785425101214575 0.0014170040485829958 0.004959514170040486 0.0069838056680161945 4.0485829959514174E-4 0.001923076923076923 0.3991902834008097 
0.1224731182795699 0.005806451612903226 0.00849462365591398 0.28215053763440856 0.002043010752688172 9.67741935483871E-4 0.1289247311827957 0.059032258064516126 0.15204301075268817 0.23806451612903226 
0.11413102328099621 9.745533297238765E-4 0.14445046020573904 0.10709258256632377 0.024796968056307524 0.09680563075257174 4.331348132106118E-4 0.21754195993502978 0.13524634542501354 0.15852734163508392 
0.0020879120879120877 9.89010989010989E-4 0.07681318681318682 0.0026373626373626374 0.407032967032967 4.3956043956043956E-4 0.11472527472527473 4.3956043956043956E-4 0.08395604395604396 0.31087912087912084 
0.0017225747960108793 0.18531278331822304 0.5642792384406164 3.6264732547597464E-4 0.002629193109700816 8.159564823209429E-4 0.001269265639165911 0.24288304623753398 3.6264732547597464E-4 3.6264732547597464E-4 
0.10674626865671642 4.776119402985075E-4 0.003462686567164179 0.18197014925373134 0.3067462686567164 0.12465671641791046 0.15868656716417912 0.09122388059701493 0.01898507462686567 0.007044776119402986 
0.16192842942345925 0.16043737574552686 0.09284294234592445 8.946322067594434E-4 3.9761431411530816E-4 0.002882703777335984 3.9761431411530816E-4 0.1301192842942346 0.252882703777336 0.19721669980119286 
0.0017916077322017916 0.14700612918434702 0.0013201320132013201 3.771805752003772E-4 3.771805752003772E-4 0.03998114097123998 0.4331918906176332 0.1474776049033475 0.2233851956624234 0.005091937765205092 
0.0802611752887996 0.002913108990457057 0.27011551983927673 0.14053239578101456 0.006428930185836263 0.20883977900552486 0.159618282270216 0.12245102963335008 4.0180813661476645E-4 0.008437970868910096 
0.11264236902050115 0.09100227790432802 0.00785876993166287 0.1365603644646925 0.00785876993166287 0.16389521640091118 0.22596810933940775 0.06651480637813212 0.18097949886104783 0.006719817767653759 
0.39260606060606057 0.001090909090909091 4.848484848484849E-4 0.002909090909090909 0.008363636363636365 0.12896969696969698 4.848484848484849E-4 0.1295757575757576 4.848484848484849E-4 0.335030303030303 
0.005131195335276968 0.39172011661807576 0.005714285714285714 0.18064139941690963 0.003965014577259475 0.283265306122449 0.0016326530612244896 0.002215743440233236 0.1252478134110787 4.664723032069971E-4 
3.883495145631068E-4 0.20864077669902914 0.0018446601941747571 0.08194174757281554 0.0013592233009708738 0.3081553398058252 0.0052427184466019424 0.003786407766990291 0.20281553398058252 0.1858252427184466 
0.27874824848201774 3.736571695469407E-4 3.736571695469407E-4 0.17085474077533863 0.0036431574030826716 0.4389537599252685 0.003176085941148996 0.0013078000934142924 0.10172816440915461 8.407286314806166E-4 
0.0016538688718251624 0.2414648552864737 4.7253396337861784E-4 0.30053160070880097 4.7253396337861784E-4 0.02173656231541642 0.005788541051388069 0.2101594802126403 0.10679267572356764 0.11092734790313054 
0.2609967992684042 0.0012802926383173297 8.230452674897119E-4 0.15262917238225882 0.030544124371284863 0.06529492455418381 3.657978966620942E-4 0.0026520347508001826 0.22624599908550527 0.25916780978509374 
9.68783638320775E-4 0.002045209903121636 0.002045209903121636 0.0036598493003229277 0.46759956942949404 0.1721205597416577 0.0025834230355220667 0.07362755651237891 0.27061356297093647 0.00473627556512379 
0.0032097399003873824 0.18472606530160487 0.0026563364692861096 0.32750415052573323 0.08566685113447704 4.427227448810183E-4 0.09618151632540123 0.2898727172108467 0.004316546762589928 0.005423353624792474 
0.13354545454545455 0.149 0.12990909090909092 0.1230909090909091 3.6363636363636367E-4 0.003545454545454545 0.13627272727272727 0.13218181818181818 0.19081818181818183 0.0012727272727272726 
0.05821854912764004 3.6730945821854917E-4 0.25932047750229564 0.2051423324150597 0.11239669421487604 0.002662993572084481 8.264462809917355E-4 0.17254361799816345 0.1881542699724518 3.6730945821854917E-4 
0.11301876065946562 0.299488345650938 0.001023308698123934 0.13121091529278 0.001023308698123934 0.28641273450824334 0.1602046617396248 0.0015918135304150084 4.548038658328596E-4 0.005571347356452531 
0.3897125567322239 0.10579929399899143 0.00897629853756934 0.19505799293998993 4.034291477559254E-4 4.034291477559254E-4 4.034291477559254E-4 0.2459909228441755 0.052344931921331314 9.07715582450832E-4 
0.08111260655002243 3.589053387169134E-4 0.0017048003589053386 0.0017048003589053386 3.589053387169134E-4 0.47770300583221176 0.09412292507851054 0.10174966352624495 0.1528936742934051 0.08829071332436071 
0.23106099436186572 0.11112250128139416 0.15776524859046642 0.12444900051255767 0.00451050743208611 0.08856996412096362 4.1004613018964635E-4 0.08959507944643773 4.1004613018964635E-4 0.19210661199384932 
0.3305652826413206 0.13246623311655828 0.0014007003501750874 0.016408204102051023 0.0034017008504252126 0.24852426213106554 9.004502251125563E-4 0.2570285142571285 9.004502251125563E-4 0.008404202101050525 
0.07238979118329467 0.05498839907192575 0.0033642691415313223 0.0022041763341067284 0.0010440835266821347 0.20638051044083527 0.0027842227378190253 0.25046403712296983 0.07761020881670534 0.3287703016241299 
0.003806734992679356 0.0013665202537823328 3.904343582235237E-4 0.07750122010736946 0.24392386530014643 0.18096632503660323 0.12825768667642753 0.1985358711566618 8.784773060029283E-4 0.16437286481210348 
0.004716073147256979 0.13368623676612126 0.002791145332050048 3.84985563041386E-4 0.001828681424446583 0.25928777670837344 0.21357074109720886 0.006159769008662176 0.2910490856592878 0.08652550529355149 
0.13446369332841873 0.39395503133063026 2.9487652045705865E-4 0.05484703280501291 0.0014006634721710283 0.0010320678215997052 0.40759307040176923 2.9487652045705865E-4 0.002137854773313675 0.003980833026170291 
0.16622537939941878 5.812076202776881E-4 0.1361963190184049 0.0034872457216661287 0.15976751695188893 0.11714562479819181 0.0018727801097836616 0.2869874071682273 0.1261866322247336 0.001549886987407168 
7.217321571772253E-4 0.06647955092221332 0.15268644747393745 0.002325581395348837 0.5540497193263832 0.1458700882117081 3.2076984763432237E-4 0.07650360866078589 7.217321571772253E-4 3.2076984763432237E-4 
0.13658892128279884 0.0021137026239067057 0.001020408163265306 0.17084548104956268 0.15335276967930028 0.001020408163265306 0.15663265306122448 2.915451895043732E-4 0.005758017492711371 0.37237609329446064 
0.42474144789180585 0.0011137629276054097 3.1821797931583137E-4 0.25926809864757355 0.0038981702466189343 0.08066825775656325 0.017820206841686555 3.1821797931583137E-4 7.159904534606205E-4 0.2111376292760541 
0.14461654703437854 3.022289384208538E-4 0.007102380052890065 0.002568945976577257 0.21601813373630524 0.1956176803928976 0.3217982621836041 0.11137136380808463 3.022289384208538E-4 3.022289384208538E-4 
0.09013830426939266 0.368550811785929 0.16229705351773902 0.2876728803367408 0.08923631990378834 2.4052916416115455E-4 5.411906193625978E-4 2.4052916416115455E-4 8.418520745640408E-4 2.4052916416115455E-4 
0.08421428571428571 0.33814285714285713 0.003142857142857143 0.2135 0.026357142857142857 0.22635714285714284 0.09064285714285715 2.8571428571428574E-4 0.01707142857142857 2.8571428571428574E-4 
2.854084909026044E-4 0.28248305387085265 0.19257937923653226 0.0020692115590438816 9.989297181591153E-4 0.0013556903317873707 0.0020692115590438816 0.3477702461648234 0.0017124509454156261 0.16867641812343917 
3.138485680659082E-4 0.3145547273440565 3.138485680659082E-4 0.001490780698313064 0.02581404472342095 0.263162024323264 0.042683405256963514 0.2600235386426049 3.138485680659082E-4 0.09132993330717928 
0.002414772727272727 9.943181818181817E-4 0.40546875 0.19311079545454543 0.07201704545454546 2.8409090909090913E-4 0.004190340909090909 0.14836647727272728 0.14694602272727272 0.026207386363636363 
0.002235929067077872 0.0030069390902081727 0.0033924441017733234 0.3341557440246723 0.0057054741711642255 0.0030069390902081727 0.2986892829606785 0.0033924441017733234 6.939090208172707E-4 0.34572089437162684 
0.16135430916552668 0.07756497948016416 0.14220246238030096 0.2666894664842681 0.1264705882352941 2.7359781121751026E-4 0.1158686730506156 2.7359781121751026E-4 0.10902872777017784 2.7359781121751026E-4 
0.12038435140700068 0.21132463967055592 0.00301990391214825 0.13582704186684968 0.002676733013040494 0.1722031571722718 0.2192175703500343 2.745367192862045E-4 0.0037062457103637612 0.13136582017844886 
0.15619365609348915 2.671118530884808E-4 0.00327212020033389 0.0016026711185308847 0.4172954924874791 0.004941569282136895 2.671118530884808E-4 0.2453422370617696 0.170550918196995 2.671118530884808E-4 
3.292181069958848E-4 0.09333333333333334 7.407407407407408E-4 0.11185185185185186 0.29950617283950615 0.07234567901234569 3.292181069958848E-4 0.0023868312757201644 0.004855967078189301 0.41432098765432096 
0.0038820992092020133 0.00100647016534867 0.2630481667864845 6.470165348670022E-4 0.11279654924514738 0.0017253774263120056 0.07181883537023724 0.22027318475916605 0.12250179726815241 0.20230050323508267 
0.22121531436599928 0.0020372321742184755 0.1158412363891816 0.0013347383210396907 0.16923076923076924 0.0027397260273972603 0.0016859852476290831 0.1246224095539164 0.2018967334035827 0.15939585528626624 
3.0511060259344014E-4 0.0010678871090770404 6.864988558352403E-4 0.30122044241037377 6.864988558352403E-4 0.30846681922196795 0.0022120518688024406 3.0511060259344014E-4 0.33173150266971774 0.05331807780320367 
0.33886554621848736 0.1627450980392157 0.001680672268907563 0.004131652661064426 0.001330532212885154 0.09586834733893558 0.10007002801120449 2.801120448179272E-4 0.13718487394957984 0.15784313725490196 
0.21709464416727806 0.002127659574468085 6.603081438004403E-4 0.004328686720469553 0.016434336023477623 0.0017608217168011738 0.506529713866471 0.09787234042553192 0.0035950110051357303 0.1495964783565664 
0.07653379549393415 0.20097053726169842 0.17636048526863085 0.0023570190641247833 0.1240207972270364 0.12991334488734835 0.1874523396880416 2.7729636048526865E-4 0.10183708838821491 2.7729636048526865E-4 
0.004505536464299351 0.05567010309278351 3.054600992745323E-4 0.40160366552119126 0.3741122565864834 0.004123711340206186 0.14005345551737305 0.005269186712485682 0.009851088201603665 0.004505536464299351 
0.3232227488151659 9.47867298578199E-4 2.7081922816519973E-4 0.1251861882193636 0.0016249153689911983 0.13466486120514556 0.1285714285714286 0.0016249153689911983 6.093432633716994E-4 0.2832769126607989 
9.433962264150942E-4 0.12190026954177897 0.2671159029649596 0.2105121293800539 0.0016172506738544475 2.6954177897574127E-4 0.3095687331536388 0.0858490566037736 0.0016172506738544475 6.064690026954178E-4 
0.0022834116856950974 0.0012760241773002014 0.1883143049026192 0.2316319677635997 0.002619207521826729 0.061383478844862324 0.0832102081934184 0.23700470114170583 0.10503693754197449 0.08723975822699799 
0.31036019309320456 0.13026364649090236 0.0010397326401782399 0.14697363535090976 0.09127367248421835 2.9706646862235426E-4 0.002525064983290011 0.09684366877088749 0.0909023393984404 0.12952098031934645 
0.001644398766700925 0.1287427201096266 9.592326139088728E-4 0.08386433710174718 0.07906817403220281 0.19725933538883178 0.22500856457690988 0.18663926002055498 0.09585474477560808 9.592326139088728E-4 
6.669136717302705E-4 2.9640607632456465E-4 0.09811041126343091 2.9640607632456465E-4 0.2507595405705817 0.3733975546498703 0.2722489811041126 0.0010374212671359763 0.002889959244164505 2.9640607632456465E-4 
0.0835 0.005285714285714286 0.07100000000000001 0.12885714285714286 0.10707142857142858 0.2892142857142857 0.001 0.0013571428571428571 0.31135714285714283 0.0013571428571428571 
0.2985458234697328 0.11423740277308082 0.01176868447751099 0.0022996280013527224 2.705444707473791E-4 0.13689550219817384 0.2200879269529929 6.08725059181603E-4 0.15515725397362193 0.06012850862360501 
0.15885521885521886 9.427609427609427E-4 0.13292929292929292 0.00430976430976431 0.10430976430976431 0.0056565656565656566 0.10397306397306398 0.32417508417508417 0.11272727272727273 0.052121212121212124 
0.3149450549450549 0.0021245421245421245 0.10322344322344323 0.12483516483516484 0.006520146520146521 0.10908424908424909 0.11091575091575091 0.0017582417582417582 0.2263003663003663 2.9304029304029304E-4 
0.0019785655399835117 0.0023907666941467435 3.2976092333058534E-4 0.2896949711459192 0.12646331409727948 0.25548227535037094 0.22621599340478152 3.2976092333058534E-4 0.0019785655399835117 0.09513602638087387 
0.12979591836734694 0.2934322820037106 0.0032653061224489797 0.0014100185528756956 2.9684601113172545E-4 0.008089053803339519 0.32163265306122446 2.9684601113172545E-4 0.0017810760667903525 0.24 
0.13793395427603727 0.05029635901778154 0.0020321761219305673 0.0024555461473327687 0.4228619813717189 0.004149026248941575 3.3869602032176124E-4 0.22303132938187975 0.15656223539373412 3.3869602032176124E-4 
6.907137375287797E-4 0.3805832693783576 0.0037605525709900234 0.10928626247122027 0.10391404451266309 0.001074443591711435 0.2716039907904835 0.0014581734458940904 0.1261703760552571 0.0014581734458940904 
0.254586129753915 0.0014168530947054436 0.20052199850857566 0.08381804623415362 6.711409395973154E-4 0.002535421327367636 0.14384787472035795 0.08866517524235645 0.22140193885160325 0.002535421327367636 
0.16839149618933014 0.003931006819093462 0.1122342559165664 0.18604091456077015 3.2089851584436426E-4 0.0011231448054552747 3.2089851584436426E-4 0.10020056157240273 0.15194544725230646 0.27549137585238664 
6.401137980085349E-4 0.23143669985775248 0.006330014224751067 0.10910384068278806 6.401137980085349E-4 0.0013513513513513512 0.312873399715505 0.004907539118065434 0.3324324324324324 2.844950213371266E-4 
0.1427757427757428 0.18713878713878715 0.2091168091168091 0.15661375661375662 0.15661375661375662 0.12812372812372813 0.013756613756613755 0.0011396011396011395 0.0035816035816035817 0.0011396011396011395 
0.31350306155333546 5.800837898807605E-4 0.09532710280373832 5.800837898807605E-4 2.5781501772478247E-4 0.24260393167902028 5.800837898807605E-4 0.3399291008701257 0.0034805027392845636 0.0031582339671285854 
3.157063930544594E-4 0.0030781373322809787 0.001894238358326756 0.5109707971586425 0.36692975532754535 3.157063930544594E-4 0.027545382794001576 0.0054459352801894245 0.08279400157853196 7.103393843725335E-4 
0.0027166276346604215 0.5151288056206089 0.0036533957845433255 0.008337236533957846 0.0036533957845433255 0.011147540983606558 0.04018735362997658 0.16149882903981266 0.09311475409836066 0.16056206088992975 
0.01271562345983243 0.003351404632824051 8.871365204534253E-4 3.9428289797930016E-4 0.0013799901429275504 0.1176934450468211 0.15810744208969937 0.41882700837851156 0.0900936421882701 0.19655002464268112 
8.375988832014891E-4 0.18324802233597023 8.375988832014891E-4 0.17208003722661705 0.0036295951605397857 0.07156817124243835 0.012936249418334109 0.16882270823638904 0.2935318752908329 0.09250814332247558 
0.0029789419619928093 0.2181818181818182 0.09953775038520801 0.2068823831535696 0.005546995377503853 0.25567539804827943 0.20277349768875194 4.1088854648176684E-4 0.0019517205957883922 0.006060606060606061 
0.07995920448750637 0.30739418663946966 9.178990311065783E-4 0.07689954105048445 4.07955124936257E-4 0.1069862315145334 0.07740948495665477 0.06007139214686384 0.14064252932177462 0.14931157572667006 
0.1558839627805145 0.07159277504105091 0.135632183908046 0.2341543513957307 0.001532567049808429 0.165736179529283 0.07706622879036673 0.001532567049808429 4.378762999452655E-4 0.1564313081554461 
7.898200965335674E-4 0.0012286090390522158 0.002544975866608161 0.18069328652917946 3.5103115401491884E-4 0.03413777972795085 0.40052654673102234 0.0021061869240895127 0.19034664326458975 0.1872751206669592 
0.12585068562722196 0.08572879634332149 0.10198070086338243 9.141696292534282E-4 0.007008633824276283 0.1314372778059929 0.05170137125444388 0.22742508887760285 0.007008633824276283 0.26094464195022854 
0.17464269248501615 0.282526509912402 0.12669432918395573 0.18662978331028124 0.1529737206085754 0.01788842784693407 0.0017519594283079759 0.0012909174734900876 0.04416781927155371 0.011433840479483634 
0.27088729016786567 0.140431654676259 0.003261390887290168 3.836930455635492E-4 0.023884892086330933 0.005659472422062351 0.20949640287769786 0.0047002398081534775 0.22484412470023982 0.11645083932853717 
0.08212266202696825 0.24915180513266635 0.008177468464549805 0.3296215745976511 0.006437581557198782 0.1686820356676816 7.829491083079601E-4 0.1482383645063071 0.003827751196172249 0.0029578077424967375 
3.193612774451098E-4 0.0011177644710578841 0.24463073852295408 0.1344510978043912 3.193612774451098E-4 0.18275449101796407 7.18562874251497E-4 0.2470259481037924 0.0019161676646706587 0.18674650698602796 
0.0442080378250591 4.728132387706856E-4 4.728132387706856E-4 0.4957446808510638 0.13581560283687943 0.01583924349881797 0.0022458628841607563 0.06725768321513002 0.0022458628841607563 0.23569739952718677 
0.11711145996860284 4.1862899005756153E-4 0.26206174777603347 0.43265306122448977 0.014547357404500262 0.0030350601779173206 4.1862899005756153E-4 0.0925170068027211 0.0108843537414966 0.06635269492412349 
0.005164319248826292 0.002816901408450704 0.22347417840375589 0.40305164319248826 4.694835680751174E-4 0.34847417840375583 4.694835680751174E-4 0.0022300469483568074 4.694835680751174E-4 0.013380281690140846 
0.2523895401262398 0.0026149684400360684 0.1825067628494139 0.1946798917944094 0.009377817853922454 8.115419296663661E-4 0.3141568981064021 0.042290351668169524 8.115419296663661E-4 3.606853020739405E-4 
